2293935	2840869888	111904000
1822138.07	2846269952	109930000
1447374.636	2837870080	104096000
1149690.754	2829829888	102173000
1045846.257	2790799872	116431000
913231.9343	2820730112	107573000
830745.5445	2779909888	117166000
725406.121	2810350080	98973504
659884.1493	2764519936	122861000
576210.247	2810259968	112342000
524164.7094	2764359936	128175000
457700.6593	2790230016	108489000
416358.877	2715960064	88192200
363564.1028	2790119936	102800000
330725.7079	2729029888	122933000
288790.039	2770380032	130977000
262704.6234	2720590080	128465000
229393.4961	2769019904	123926000
208673.9692	2709440000	133776000
182213.8031	2767340032	119548000
165755.4186	2690500096	132897000
144737.4675	2740029952	126209000
131664.577	2673619968	146350000
114969.0735	2719630080	121963000
114016.5983	2581590016	172447008
104584.6239	2656839936	149692000
91323.18757	2765469952	169002000
90566.63955	2560489984	169350000
83074.55267	2638789888	152662000
72540.61699	2666429952	107439000
71939.58522	2542370048	170059008
65988.41671	2610070016	151828000
57621.02665	2689870080	203916992
57143.65442	2524349952	175596000
52416.47005	2607630080	189704992
45770.06397	2563330048	149674000
45390.82344	2502609920	182983008
41635.88503	2572869888	174703008
36356.41125	2480669952	95549200
36055.22314	2476720128	185768000
33072.57302	2552570112	188035008
28879.00244	2839569920	95302600
28639.66601	2452100096	199372000
26270.46323	2535160064	194000992
22939.35009	2255610112	244578000
22749.32472	2431640064	205764000
20867.39603	2510970112	201574000
18221.38153	2443290112	681705024
18070.40838	2403419904	213451008
16575.54231	2485740032	215096992
14473.747	2093789952	596254016
14353.8757	2376940032	215000992
13166.45703	2465009920	217996992
11496.90735	2721949952	-258543008
11401.65963	2349179904	231291008
10458.46262	2440130048	231619008
9132.319001	2435729920	303830016
9056.663761	2312110080	240007008
8307.455823	2395180032	244840992
7254.061699	2525750016	245922000
7193.958717	2275630080	219195008
6598.841783	2376440064	261164992
5762.102787	2455490048	247312000
5714.365344	2238560000	264544992
5241.647005	2350409984	282793984
4577.00658	2444489984	276670016
4539.082053	2227040000	273712000
4531.943864	2124450048	281884992
4163.588614	2291500032	299478016
3635.641125	2414170112	326662016
3605.522556	2163780096	273172992
3599.852413	2095369984	282872000
3307.257302	2264039936	306929984
2887.900366	2407069952	281902016
2863.966698	2141980032	311564000
2859.462279	2059549952	295720992
2627.046379	2220039936	318524000
2293.935071	2358099968	311543008
2274.932375	2084790016	315622016
2271.352048	2014230016	302835008
2086.739686	2182739968	380468992
1807.040887	2038439936	335476992
1804.199274	1977670016	318188000
1657.554231	2166789888	346361984
1435.387498	1983219968	356465984
1433.126841	1932370048	327239008
1316.645759	2089629952	365163008
1140.165987	1946439936	353652992
1138.372488	1882019968	341908992
1045.846289	2056240000	366192000
905.6664368	1897030016	372920992
904.2425764	1836259968	346740000
719.3958838	1839480064	397603008
718.2645127	1786700032	365708000
571.4365344	1770749952	402304000
570.5393769	1732989952	377723008
453.9082175	1713420032	397044000
453.1943787	1673590016	387911008
360.5522556	1649740032	410040000
359.9852336	1623559936	401836992
286.3966759	1590599936	426499008
285.9462356	1554700032	400808992
227.4932466	1545869952	466524000
227.135201	1510480000	409276992
207.5506509	1395539968	415006016
180.7040887	1477859968	448412000
180.4199158	1436630016	432328000
164.8634083	1351280000	420084000
143.5387558	1396419968	472732000
143.3126937	1370870016	436246016
130.9555623	1305219968	427724000
114.0166018	1331800064	467833984
113.8372527	1307059968	448447008
104.0217201	1249100032	433291008
90.42425378	1238439936	449617984
82.62739895	1189379968	435718016
71.8264532	1168310016	451720992
65.63329502	1122089984	436598016
57.0539348	1099059968	457840000
52.13435073	1058240000	436924992
45.31943883	1020920000	455984000
41.41184025	988563968	436457984
35.99852577	951798016	450759008
32.89455289	923057024	435076992
28.59462404	880388992	447100992
26.12914515	857160000	428944000
22.7135201	814913984	439471008
20.75506474	788316032	420734016
18.04199206	747174016	430302016
16.48634047	724009984	410057984
14.33126937	689894976	417406016
14	568672000	349667008
13.09555659	662268992	396695008
11.38372551	619676032	402409984
11.12059975	540694976	349884000
10.40217183	600414016	387304992
9.04242574	571596992	386844000
8.833399773	514884000	349825984
8.262739365	538400000	370492000
7.18264532	506838016	368244992
7.016620159	480158016	342475008
6.563329944	479663008	351972000
5.705393721	460131008	347563008
5.573500156	443440992	331536992
5.213435249	431500992	334171008
4.531944004	412248992	326948000
4.427189827	403097984	315656992
4.141183848	383539008	311496000
3.516639948	358104992	295672992
3.289455377	337899008	284119008
2.793370008	315992992	273343008
2.612914383	297115008	263807008
2.218849897	279875008	253183008
2.075506518	261351008	241736000
1.762500048	243412000	230644992
1.648634158	227535008	219187008
1.521461564	185922000	189778000
1.399999976	210956000	208712992
1.309555681	199146000	197946000
1.208540363	169226000	177728992
1.112059951	184403008	187440992
1.040217183	174464992	177396992
0.959977017	154779008	165544992
0.883340001	161538000	167650000
0.826273959	152975008	157468000
0.762536992	141368000	152604992
0.701662004	141479008	149466000
0.656332994	133571000	139380992
0.605704733	128419000	138216000
0.55734998	123358000	132034000
0.521343536	116966000	123477000
0.481128511	113787000	122583000
0.442719012	108774000	115436000
0.414118401	104231000	107230000
0.382173751	100493000	106855000
0.351664007	95464200	100732000
0.328945538	93233504	93945200
0.303571793	89531104	93136704
0.279336989	85304800	86527000
0.261291449	83069400	82009696
0.254906645	72493200	79922704
0.241135345	80012496	81561504
0.221884996	76707600	74736704
0.207550657	75283800	71653696
0.202479627	68407696	71454400
0.191541149	72078496	70229400
0.176249996	69047696	65297700
0.160835164	64300900	62504500
0.152146154	65128700	60521200
0.140000001	63146500	56378200
0.127755936	60160200	54351000
0.120854034	59613100	51939400
0.111206003	57939100	48411700
0.101480159	55833000	46751300
0.095997704	55037300	45646200
0.088334002	53580900	41600200
0.080608579	51407300	40360300
0.076253698	51088900	38743100
0.0701662	50247200	35288000
0.064029635	48044200	34666900
0.060570469	48078200	33460300
0.055734999	47112700	30852500
0.055285669	44620800	32979000
0.050860613	45136800	29851900
0.048112854	45129200	28628800
0.044271901	44435100	26627000
0.043914985	43165300	28346100
0.04039997	42734000	25583100
0.038217376	42658500	24471700
0.035166401	42270400	23067700
0.034882887	41217000	24205200
0.032090927	40628800	22074600
0.030357178	40202400	20941800
0.0279337	40564600	19763700
0.027708467	39411200	20661800
0.025490664	38853800	18898600
0.024113535	38612900	18072900
0.0221885	38904400	17099600
0.02200962	38127900	17624200
0.020247962	37329200	16269200
0.019154114	37362800	15606600
0.017625	37759900	14901400
0.017482868	36596400	15192900
0.016083517	36330400	14328300
0.015214616	35859800	13490700
0.014	36480500	12911400
0.013902737	35446800	14574100
0.013887128	35438800	12988400
0.012775593	35307100	11422100
0.012085404	34834900	11753100
0.011043341	34601400	12361200
0.011030952	34478900	11189700
0.010148015	34016700	10631100
0.009599771	34110400	9850600
0.008772031	33825700	10495300
0.008762186	33588800	9665130
0.008060858	33254800	8905910
0.00762537	33248600	8761070
0.006967873	33061700	8969100
0.006960071	32880500	8360630
0.006402964	32671300	7738190
0.006057047	32782100	7579470
0.005534779	32683900	7584470
0.005528567	32371800	7268790
0.005086061	31939800	6835280
0.004811285	32103000	6940420
0.004396433	32079500	6602980
0.004391498	31855300	6354160
0.004039997	31476700	6142920
0.00384241	32029700	6956780
0.003821738	31632700	6148660
0.003492209	31693800	5632170
0.003488289	31569100	5871530
0.003209093	30994100	5424230
0.003052136	31561400	5992860
0.003035718	31322300	5542750
0.002773964	31289000	5006010
0.002770847	31121200	4653900
0.002549066	30516400	4879250
0.002424396	31218000	5127310
0.002411354	31014900	5024820
0.002203435	30929500	4388170
0.002200962	30997200	4154300
0.002024796	30444200	4460210
0.001925767	30950800	4483630
0.001915411	30650300	4599020
0.001750255	30744200	3873000
0.001748287	30318600	3683550
0.001608352	30009000	4029210
0.001529691	30893900	3776310
0.001521462	30437600	4208790
0.001390274	30496000	3406840
0.001388713	30098400	3488380
0.001277559	29873300	3770610
0.001215077	30524900	3432220
0.001104334	30248600	3150830
0.001103095	30182300	3432290
0.001014802	29764400	3546340
0.000965169	30443800	3065790
0.000877203	30206600	3167000
0.000876219	29845500	3096020
0.000806086	29573500	3323220
0.000766662	30380200	2784710
0.000696787	30102100	2424010
0.000696007	29606500	2913400
0.000640296	29356500	3206470
0.000608981	30166000	2582290
0.00060258	30848100	3663450
0.000553478	29947200	2579610
0.000552857	29467800	2811530
0.000508606	29287200	3055880
0.000483732	30050800	2326470
0.000478647	30683500	3193320
0.000439643	29713900	2347130
0.00043915	29260600	2695530
0.000404	29213900	2877910
0.000384241	29840100	2229950
0.000380202	30511200	2835070
0.000349221	29612800	2286870
0.000348829	29182500	2530960
0.000320909	29046000	2761340
0.000305214	29769700	2134990
0.000302005	30381800	2491770
0.000277396	29416100	2251860
0.000277085	28996000	2528630
0.000254907	29030600	2622450
0.00024244	29825700	2198520
0.000239891	30450400	2149960
0.000220343	29160600	2138380
0.000220096	28836000	2459800
0.000192577	29669300	1822850
0.000190553	30222800	2074410
0.000175026	29161600	2210350
0.000174829	28884000	2355240
0.000152969	29638400	1845890
0.000151361	30139100	1949010
0.000139027	28880500	2076200
0.000138871	28765000	2310400
0.000121508	29370100	1948610
0.000120231	30059300	1918850
0.000110433	28873500	2083810
0.00011031	28688900	2263690
9.65E-05	29186100	1861410
9.55E-05	29977600	1822240
8.77E-05	28686800	1985870
8.76E-05	28668000	2119560
7.67E-05	29217500	1893700
7.59E-05	29908000	1780560
6.97E-05	28735200	1992410
6.96E-05	28496600	2037330
6.09E-05	28953400	1836020
6.03E-05	29768000	1786650
5.53E-05	28585900	1962190
5.53E-05	28728900	1960150
4.84E-05	28999900	1758730
4.79E-05	29635900	1645220
4.40E-05	28663900	1849300
4.39E-05	30515700	2133780
3.84E-05	28853500	1744300
3.80E-05	29822100	2043100
3.49E-05	28665000	1781910
3.49E-05	30382600	1961410
3.05E-05	28736700	1674030
3.02E-05	29553100	1438830
2.77E-05	28645800	1814080
2.77E-05	30306300	1759320
2.42E-05	28710500	1625570
2.40E-05	29632100	1450440
2.20E-05	28672000	1763790
2.20E-05	30233000	1690340
1.93E-05	28770500	1647760
1.91E-05	29328300	1529930
1.75E-05	28734200	1757860
1.75E-05	30286200	1505330
1.53E-05	28735200	1639490
1.51E-05	29241300	1542040
1.39E-05	28566600	1614910
1.39E-05	30146300	1586810
1.22E-05	28707200	1547600
1.20E-05	29073700	1471940
1.10E-05	30076200	1456670
9.65E-06	28729400	1566920
9.55E-06	28999200	1446460
8.76E-06	30011200	1476900
7.67E-06	28735700	1511470
7.59E-06	28960100	1409310
6.96E-06	29952300	1473630
6.09E-06	28735200	1494190
6.03E-06	28954600	1463510
5.53E-06	29836200	1477860
4.84E-06	28867100	1415670
4.79E-06	28892400	1457370
4.39E-06	29744000	1431860
3.84E-06	28831600	1360210
3.80E-06	28903600	1358990
3.49E-06	29716200	1442250
3.02E-06	29011100	1301650
2.77E-06	29705900	1588670
2.40E-06	28948800	1343320
2.20E-06	29695500	1085050
1.91E-06	29020000	1305390
1.75E-06	29987000	1366020
1.51E-06	29033200	1291710
1.39E-06	29324900	1358050
1.20E-06	29100600	1211410
1.10E-06	29380700	1366960
9.55E-07	29075500	1213850
8.76E-07	29341600	1289460
7.59E-07	29144600	1096030
6.96E-07	29263300	1243890
6.03E-07	29168700	1125230
5.53E-07	29305200	1224530
4.39E-07	29211300	1216400
3.49E-07	29241900	1210200
2.77E-07	29355100	1177430
2.20E-07	29306000	1158370
1.75E-07	29357400	1120370
1.39E-07	29340900	1072250
1.10E-07	29325800	1044810
8.76E-08	29554600	928337
6.96E-08	29534000	966649
5.53E-08	29746900	947072
4.39E-08	29773200	859087
