8.0000e+11	3.6000e+03	3.1500e+02
6.3546e+11	3.6000e+03	3.1600e+02
5.0477e+11	3.6000e+03	3.2100e+02
4.4398e+11	3.6000e+03	3.2300e+02
4.0095e+11	3.6000e+03	3.2900e+02
3.5266e+11	3.6000e+03	3.3400e+02
3.1849e+11	3.6000e+03	3.3400e+02
2.8013e+11	3.6000e+03	3.4000e+02
2.5298e+11	3.6000e+03	3.4000e+02
2.2252e+11	3.6000e+03	3.4000e+02
2.0095e+11	3.6000e+03	3.4000e+02
1.8488e+11	3.6000e+03	3.4000e+02
1.7675e+11	3.6000e+03	3.4000e+02
1.5962e+11	3.6000e+03	3.4000e+02
1.4685e+11	3.6000e+03	3.4000e+02
1.4040e+11	3.6000e+03	3.4000e+02
1.2679e+11	3.6000e+03	3.3400e+02
1.1665e+11	3.5900e+03	3.3400e+02
1.1152e+11	3.5900e+03	3.3100e+02
1.0071e+11	3.5800e+03	3.3100e+02
9.2659e+10	3.5700e+03	3.3100e+02
8.8585e+10	3.5600e+03	3.3100e+02
8.0257e+10	3.5400e+03	3.2900e+02
8.0000e+10	3.5200e+03	3.2900e+02
7.3601e+10	3.5200e+03	3.2600e+02
7.0365e+10	3.5200e+03	3.2300e+02
6.3750e+10	3.5100e+03	3.2100e+02
6.3546e+10	3.4800e+03	3.1900e+02
5.8464e+10	3.4700e+03	3.1900e+02
5.5893e+10	3.4600e+03	3.1800e+02
5.0639e+10	3.4600e+03	3.1600e+02
5.0477e+10	3.4400e+03	3.1600e+02
4.6439e+10	3.4400e+03	3.1500e+02
4.4398e+10	3.4300e+03	3.1100e+02
4.0224e+10	3.4200e+03	3.0800e+02
4.0095e+10	3.4100e+03	3.0700e+02
3.6888e+10	3.4000e+03	3.0700e+02
3.5266e+10	3.3900e+03	3.0700e+02
3.4005e+10	3.3800e+03	3.0700e+02
3.1951e+10	3.3700e+03	3.0700e+02
3.1849e+10	3.3600e+03	3.0700e+02
2.9301e+10	3.3600e+03	3.0700e+02
2.8013e+10	3.3600e+03	3.0700e+02
2.7011e+10	3.3500e+03	3.0700e+02
2.5379e+10	3.3300e+03	3.0600e+02
2.5298e+10	3.3300e+03	3.0400e+02
2.3275e+10	3.3200e+03	3.0400e+02
2.2252e+10	3.3100e+03	3.0400e+02
2.1456e+10	3.3000e+03	3.0400e+02
2.0160e+10	3.3000e+03	3.0400e+02
2.0095e+10	3.2900e+03	3.0300e+02
1.8488e+10	3.2900e+03	3.0200e+02
1.7675e+10	3.2800e+03	3.0100e+02
1.7043e+10	3.2800e+03	3.0100e+02
1.6013e+10	3.2800e+03	3.0000e+02
1.5962e+10	3.2700e+03	2.9900e+02
1.4685e+10	3.2700e+03	2.9800e+02
1.4396e+10	3.2600e+03	2.9600e+02
1.4040e+10	3.2300e+03	2.9500e+02
1.3538e+10	3.2200e+03	2.9400e+02
1.2720e+10	3.2200e+03	2.9300e+02
1.2679e+10	3.2200e+03	2.9300e+02
1.1665e+10	3.2100e+03	2.9300e+02
1.1435e+10	3.2100e+03	2.9300e+02
1.1152e+10	3.2000e+03	2.9300e+02
1.0753e+10	3.1800e+03	2.9300e+02
1.0104e+10	3.1800e+03	2.9300e+02
1.0071e+10	3.1800e+03	2.9300e+02
9.2659e+09	3.1700e+03	2.9300e+02
9.0831e+09	3.1700e+03	2.9000e+02
8.8585e+09	3.1500e+03	2.9000e+02
8.5418e+09	3.1400e+03	2.8900e+02
8.0257e+09	3.1400e+03	2.8900e+02
8.0000e+09	3.1400e+03	2.8900e+02
7.3601e+09	3.1400e+03	2.8900e+02
7.2150e+09	3.1400e+03	2.8800e+02
7.0365e+09	3.1300e+03	2.8700e+02
6.7850e+09	3.1300e+03	2.8700e+02
6.3750e+09	3.1300e+03	2.8500e+02
6.3546e+09	3.1300e+03	2.8400e+02
6.2489e+09	3.1200e+03	2.8400e+02
5.8464e+09	3.0900e+03	2.8300e+02
5.7311e+09	3.0900e+03	2.8300e+02
5.5893e+09	3.0900e+03	2.8200e+02
5.3895e+09	3.0900e+03	2.7900e+02
5.0639e+09	3.0800e+03	2.7900e+02
5.0477e+09	3.0800e+03	2.7900e+02
4.9637e+09	3.0800e+03	2.7900e+02
4.6439e+09	3.0500e+03	2.8200e+02
4.5523e+09	3.0400e+03	2.8200e+02
4.4398e+09	3.0400e+03	2.8300e+02
4.2810e+09	3.0400e+03	2.8300e+02
4.0224e+09	3.0400e+03	2.7900e+02
4.0095e+09	3.0400e+03	2.7900e+02
3.9428e+09	3.0300e+03	2.7800e+02
3.6888e+09	3.0300e+03	2.7600e+02
3.6161e+09	3.0200e+03	2.7600e+02
3.5266e+09	3.0100e+03	2.7300e+02
3.4005e+09	3.0100e+03	2.7300e+02
3.1951e+09	3.0100e+03	2.6800e+02
3.1849e+09	3.0000e+03	2.6800e+02
3.1319e+09	3.0000e+03	2.6500e+02
2.9301e+09	3.0000e+03	2.6500e+02
2.8723e+09	3.0000e+03	2.6500e+02
2.8013e+09	3.0000e+03	2.6300e+02
2.7026e+09	2.9900e+03	2.6300e+02
2.7011e+09	2.9700e+03	2.6100e+02
2.5379e+09	2.9600e+03	2.6100e+02
2.5298e+09	2.9600e+03	2.5900e+02
2.4877e+09	2.9600e+03	2.5700e+02
2.3275e+09	2.9600e+03	2.5500e+02
2.2816e+09	2.9500e+03	2.5500e+02
2.2252e+09	2.9500e+03	2.5500e+02
2.1468e+09	2.9500e+03	2.5500e+02
2.1456e+09	2.9300e+03	2.5500e+02
2.0160e+09	2.9300e+03	2.5500e+02
2.0095e+09	2.9200e+03	2.5500e+02
1.9761e+09	2.9200e+03	2.5500e+02
1.8488e+09	2.9200e+03	2.5500e+02
1.8123e+09	2.9200e+03	2.5500e+02
1.7675e+09	2.9100e+03	2.5300e+02
1.7052e+09	2.9100e+03	2.5200e+02
1.7043e+09	2.9000e+03	2.4900e+02
1.6013e+09	2.8900e+03	2.4900e+02
1.5962e+09	2.8900e+03	2.5300e+02
1.5696e+09	2.8900e+03	2.4900e+02
1.4685e+09	2.8900e+03	2.4900e+02
1.4396e+09	2.8800e+03	2.4900e+02
1.4040e+09	2.8800e+03	2.4900e+02
1.3545e+09	2.8800e+03	2.4600e+02
1.3538e+09	2.8800e+03	2.4600e+02
1.2720e+09	2.8800e+03	2.4400e+02
1.2679e+09	2.8800e+03	2.4400e+02
1.2645e+09	2.8700e+03	2.4300e+02
1.2468e+09	2.8700e+03	2.4200e+02
1.1665e+09	2.8600e+03	2.4000e+02
1.1435e+09	2.8600e+03	2.4000e+02
1.1152e+09	2.8600e+03	2.3900e+02
1.0759e+09	2.8600e+03	2.3900e+02
1.0753e+09	2.8500e+03	2.3900e+02
1.0104e+09	2.8500e+03	2.3900e+02
1.0071e+09	2.8500e+03	2.3800e+02
1.0044e+09	2.8400e+03	2.3800e+02
9.9038e+08	2.8200e+03	2.3500e+02
9.2659e+08	2.8100e+03	2.3500e+02
9.0831e+08	2.8100e+03	2.3400e+02
8.8584e+08	2.8100e+03	2.3300e+02
8.5465e+08	2.8100e+03	2.3300e+02
8.5418e+08	2.8100e+03	2.3300e+02
8.0257e+08	2.8000e+03	2.3300e+02
8.0000e+08	2.8000e+03	2.3300e+02
7.9783e+08	2.8000e+03	2.3300e+02
7.8669e+08	2.7800e+03	2.3300e+02
7.3602e+08	2.7800e+03	2.3300e+02
7.2150e+08	2.7800e+03	2.3200e+02
7.0365e+08	2.7800e+03	2.3200e+02
6.7887e+08	2.7800e+03	2.3000e+02
6.7850e+08	2.7800e+03	2.2400e+02
6.3750e+08	2.7700e+03	2.2400e+02
6.3550e+08	2.7700e+03	2.2400e+02
6.3374e+08	2.7700e+03	2.2400e+02
6.2489e+08	2.7700e+03	2.2400e+02
5.8463e+08	2.7600e+03	2.2400e+02
5.7311e+08	2.7600e+03	2.2100e+02
5.5891e+08	2.7600e+03	2.1900e+02
5.3925e+08	2.7500e+03	2.1800e+02
5.3895e+08	2.7500e+03	2.1700e+02
5.2131e+08	2.7400e+03	2.1600e+02
5.0639e+08	2.7400e+03	2.1600e+02
5.0480e+08	2.7400e+03	2.1500e+02
5.0340e+08	2.7400e+03	2.1400e+02
4.9637e+08	2.7400e+03	2.1500e+02
4.6439e+08	2.7400e+03	2.1500e+02
4.5523e+08	2.7300e+03	2.1400e+02
4.4398e+08	2.7300e+03	2.1400e+02
4.2834e+08	2.7200e+03	2.1400e+02
4.2810e+08	2.7100e+03	2.1400e+02
4.1409e+08	2.7100e+03	2.1400e+02
4.0224e+08	2.7100e+03	2.1400e+02
4.0090e+08	2.7100e+03	2.1400e+02
3.9986e+08	2.7000e+03	2.1400e+02
3.9428e+08	2.6900e+03	2.1400e+02
3.6888e+08	2.6900e+03	2.1400e+02
3.6161e+08	2.6900e+03	2.1400e+02
3.5268e+08	2.6900e+03	2.1400e+02
3.4024e+08	2.6900e+03	2.1300e+02
3.4005e+08	2.6900e+03	2.1000e+02
3.2893e+08	2.6800e+03	2.1000e+02
3.1951e+08	2.6800e+03	2.1000e+02
3.1850e+08	2.6700e+03	2.1000e+02
3.1762e+08	2.6600e+03	2.1000e+02
3.1319e+08	2.6600e+03	2.1300e+02
2.9301e+08	2.6600e+03	2.1300e+02
2.8723e+08	2.6600e+03	2.1200e+02
2.8015e+08	2.6500e+03	2.1200e+02
2.7026e+08	2.6500e+03	2.1200e+02
2.7011e+08	2.6500e+03	2.1000e+02
2.6127e+08	2.6500e+03	2.1000e+02
2.5379e+08	2.6500e+03	2.1000e+02
2.5300e+08	2.6500e+03	2.1000e+02
2.5230e+08	2.6500e+03	2.1000e+02
2.4877e+08	2.6500e+03	2.1000e+02
2.3274e+08	2.6400e+03	2.1000e+02
2.2816e+08	2.6400e+03	2.1000e+02
2.2249e+08	2.6400e+03	2.1000e+02
2.1468e+08	2.6400e+03	2.1000e+02
2.1456e+08	2.6400e+03	2.0900e+02
2.1443e+08	2.6300e+03	2.0900e+02
2.0754e+08	2.6300e+03	2.0900e+02
2.0159e+08	2.6200e+03	2.0600e+02
2.0100e+08	2.6200e+03	2.0400e+02
2.0040e+08	2.6100e+03	2.0400e+02
1.9761e+08	2.6100e+03	2.0400e+02
1.8488e+08	2.6100e+03	2.0400e+02
1.8123e+08	2.6100e+03	2.0500e+02
1.7676e+08	2.6100e+03	2.0500e+02
1.7052e+08	2.6000e+03	2.0400e+02
1.7043e+08	2.6000e+03	2.0400e+02
1.7033e+08	2.6000e+03	2.0400e+02
1.6485e+08	2.6000e+03	2.0200e+02
1.6013e+08	2.5900e+03	1.9500e+02
1.5960e+08	2.5900e+03	1.9400e+02
1.5919e+08	2.5900e+03	1.9300e+02
1.5696e+08	2.5800e+03	1.9300e+02
1.4686e+08	2.5800e+03	1.9200e+02
1.4396e+08	2.5800e+03	1.9300e+02
1.4041e+08	2.5800e+03	1.9300e+02
1.3545e+08	2.5800e+03	1.9200e+02
1.3538e+08	2.5700e+03	1.9200e+02
1.3530e+08	2.5700e+03	1.9200e+02
1.3095e+08	2.5600e+03	1.9200e+02
1.2720e+08	2.5600e+03	1.9200e+02
1.2680e+08	2.5600e+03	1.9200e+02
1.2645e+08	2.5600e+03	1.9200e+02
1.2468e+08	2.5600e+03	1.9200e+02
1.1666e+08	2.5600e+03	1.9200e+02
1.1435e+08	2.5600e+03	1.9300e+02
1.1155e+08	2.5500e+03	1.9400e+02
1.0759e+08	2.5500e+03	1.9400e+02
1.0753e+08	2.5500e+03	1.9400e+02
1.0747e+08	2.5500e+03	1.9400e+02
1.0402e+08	2.5400e+03	1.9300e+02
1.0103e+08	2.5400e+03	1.8500e+02
1.0070e+08	2.5400e+03	1.8500e+02
1.0044e+08	2.5400e+03	1.8500e+02
9.9038e+07	2.5400e+03	1.8500e+02
9.2647e+07	2.5400e+03	1.8500e+02
9.0832e+07	2.5300e+03	1.9300e+02
8.8573e+07	2.5300e+03	1.9300e+02
8.7223e+07	2.5300e+03	1.9300e+02
8.5465e+07	2.5200e+03	1.9300e+02
8.5417e+07	2.5200e+03	1.9300e+02
8.5366e+07	2.5200e+03	1.9300e+02
8.2622e+07	2.5100e+03	1.9100e+02
8.0257e+07	2.5100e+03	1.8500e+02
7.9783e+07	2.5100e+03	1.9100e+02
7.8669e+07	2.5000e+03	1.9100e+02
7.3605e+07	2.5000e+03	1.9100e+02
7.2150e+07	2.5000e+03	1.9100e+02
7.0370e+07	2.4900e+03	1.9100e+02
6.9284e+07	2.4900e+03	1.9100e+02
6.7887e+07	2.4900e+03	1.8400e+02
6.7849e+07	2.4900e+03	1.8400e+02
6.7809e+07	2.4900e+03	1.8300e+02
6.5629e+07	2.4800e+03	1.7900e+02
6.3754e+07	2.4800e+03	1.7900e+02
6.3374e+07	2.4800e+03	1.7900e+02
6.2489e+07	2.4800e+03	1.7800e+02
5.8468e+07	2.4700e+03	1.7700e+02
5.7311e+07	2.4700e+03	1.7800e+02
5.5886e+07	2.4700e+03	1.7800e+02
5.5034e+07	2.4600e+03	1.7800e+02
5.3925e+07	2.4600e+03	1.7700e+02
5.3894e+07	2.4600e+03	1.7400e+02
5.3862e+07	2.4500e+03	1.7100e+02
5.2131e+07	2.4500e+03	1.7100e+02
5.0642e+07	2.4500e+03	1.7100e+02
5.0340e+07	2.4400e+03	1.7000e+02
4.9636e+07	2.4400e+03	1.6700e+02
4.6451e+07	2.4400e+03	1.6700e+02
4.5523e+07	2.4300e+03	1.7000e+02
4.3715e+07	2.4300e+03	1.7100e+02
4.2834e+07	2.4300e+03	1.7100e+02
4.2809e+07	2.4300e+03	1.7400e+02
4.2784e+07	2.4300e+03	1.7500e+02
4.1409e+07	2.4300e+03	1.7400e+02
4.0219e+07	2.4200e+03	1.7100e+02
3.9986e+07	2.4200e+03	1.7100e+02
3.9428e+07	2.4200e+03	1.7100e+02
3.6883e+07	2.4200e+03	1.7100e+02
3.6160e+07	2.4200e+03	1.7000e+02
3.4724e+07	2.4200e+03	1.7000e+02
3.4024e+07	2.4200e+03	1.7000e+02
3.4005e+07	2.4100e+03	1.7000e+02
3.3985e+07	2.4000e+03	1.7100e+02
3.2893e+07	2.4000e+03	1.7100e+02
3.1952e+07	2.4000e+03	1.7100e+02
3.1762e+07	2.4000e+03	1.7000e+02
3.1319e+07	2.3900e+03	1.6900e+02
3.1100e+07	2.3900e+03	1.6800e+02
2.9303e+07	2.3900e+03	1.6600e+02
2.8723e+07	2.3900e+03	1.6600e+02
2.7582e+07	2.3800e+03	1.6800e+02
2.7026e+07	2.3800e+03	1.6600e+02
2.7013e+07	2.3800e+03	1.6800e+02
2.6995e+07	2.3700e+03	1.6900e+02
2.6127e+07	2.3700e+03	1.6900e+02
2.5381e+07	2.3700e+03	1.6800e+02
2.5230e+07	2.3600e+03	1.6800e+02
2.4878e+07	2.3600e+03	1.6800e+02
2.4700e+07	2.3600e+03	1.6600e+02
2.3272e+07	2.3500e+03	1.6600e+02
2.2815e+07	2.3500e+03	1.6100e+02
2.1910e+07	2.3500e+03	1.6100e+02
2.1468e+07	2.3400e+03	1.6100e+02
2.1457e+07	2.3400e+03	1.6100e+02
2.1443e+07	2.3400e+03	1.6100e+02
2.0754e+07	2.3400e+03	1.6100e+02
2.0165e+07	2.3400e+03	1.5700e+02
2.0040e+07	2.3300e+03	1.5700e+02
1.9761e+07	2.3300e+03	1.5700e+02
1.9600e+07	2.3300e+03	1.5700e+02
1.8122e+07	2.3300e+03	1.5700e+02
1.7403e+07	2.3200e+03	1.5700e+02
1.7053e+07	2.3200e+03	1.5700e+02
1.7041e+07	2.3200e+03	1.5700e+02
1.7033e+07	2.3200e+03	1.5700e+02
1.6485e+07	2.3200e+03	1.5700e+02
1.6011e+07	2.3200e+03	1.5700e+02
1.5919e+07	2.3100e+03	1.5700e+02
1.5696e+07	2.3100e+03	1.5700e+02
1.5600e+07	2.3100e+03	1.5700e+02
1.4396e+07	2.3100e+03	1.5800e+02
1.3824e+07	2.3000e+03	1.5800e+02
1.3545e+07	2.3000e+03	1.5800e+02
1.3538e+07	2.3000e+03	1.5800e+02
1.3530e+07	2.3000e+03	1.5800e+02
1.3095e+07	2.3000e+03	1.5700e+02
1.2721e+07	2.3000e+03	1.5500e+02
1.2645e+07	2.3000e+03	1.5400e+02
1.2468e+07	2.2900e+03	1.5500e+02
1.2400e+07	2.2900e+03	1.5800e+02
1.1436e+07	2.2900e+03	1.6100e+02
1.0981e+07	2.2900e+03	1.6100e+02
1.0760e+07	2.2900e+03	1.6200e+02
1.0754e+07	2.2900e+03	1.6200e+02
1.0747e+07	2.2800e+03	1.6200e+02
1.0402e+07	2.2800e+03	1.6100e+02
1.0102e+07	2.2800e+03	1.6100e+02
1.0044e+07	2.2800e+03	1.6100e+02
1.0000e+07	2.2800e+03	1.6100e+02
9.9037e+06	2.2700e+03	1.6100e+02
9.8200e+06	2.2700e+03	1.6200e+02
9.0837e+06	2.2700e+03	1.6300e+02
8.7223e+06	2.2600e+03	1.6400e+02
8.5464e+06	2.2600e+03	1.6300e+02
8.5438e+06	2.2600e+03	1.6200e+02
8.5366e+06	2.2500e+03	1.6100e+02
8.2622e+06	2.2500e+03	1.6100e+02
7.9800e+06	2.2400e+03	1.6100e+02
7.9783e+06	2.2400e+03	1.6100e+02
7.8666e+06	2.2400e+03	1.6100e+02
7.8000e+06	2.2400e+03	1.6100e+02
7.2141e+06	2.2400e+03	1.6100e+02
6.9284e+06	2.2400e+03	1.6100e+02
6.7887e+06	2.2300e+03	1.6000e+02
6.7841e+06	2.2300e+03	1.6000e+02
6.7809e+06	2.2300e+03	1.5700e+02
6.5629e+06	2.2300e+03	1.5700e+02
6.3400e+06	2.2300e+03	1.5700e+02
6.3374e+06	2.2300e+03	1.5700e+02
6.2489e+06	2.2200e+03	1.5700e+02
6.2000e+06	2.2200e+03	1.5700e+02
5.7313e+06	2.2200e+03	1.5700e+02
5.5034e+06	2.2200e+03	1.5700e+02
5.3924e+06	2.2200e+03	1.5600e+02
5.3898e+06	2.2200e+03	1.5100e+02
5.3862e+06	2.2100e+03	1.4900e+02
5.2131e+06	2.2100e+03	1.4900e+02
5.0400e+06	2.2100e+03	1.4900e+02
5.0340e+06	2.2100e+03	1.5100e+02
4.9639e+06	2.2000e+03	1.5100e+02
4.9200e+06	2.2000e+03	1.5100e+02
4.5527e+06	2.2000e+03	1.4900e+02
4.3715e+06	2.1900e+03	1.4800e+02
4.2833e+06	2.1900e+03	1.4700e+02
4.2804e+06	2.1800e+03	1.4700e+02
4.2784e+06	2.1800e+03	1.4700e+02
4.1409e+06	2.1800e+03	1.4700e+02
4.0000e+06	2.1800e+03	1.4700e+02
3.9986e+06	2.1800e+03	1.4700e+02
3.9430e+06	2.1800e+03	1.4700e+02
3.9100e+06	2.1800e+03	1.4700e+02
3.6169e+06	2.1800e+03	1.4700e+02
3.4724e+06	2.1700e+03	1.4700e+02
3.4023e+06	2.1700e+03	1.4700e+02
3.3985e+06	2.1700e+03	1.4700e+02
3.2893e+06	2.1700e+03	1.4700e+02
3.1800e+06	2.1600e+03	1.4700e+02
3.1762e+06	2.1600e+03	1.4900e+02
3.1315e+06	2.1600e+03	1.5000e+02
3.1100e+06	2.1500e+03	1.5000e+02
2.8719e+06	2.1400e+03	1.4900e+02
2.7582e+06	2.1400e+03	1.4700e+02
2.7026e+06	2.1400e+03	1.4700e+02
2.6995e+06	2.1400e+03	1.4500e+02
2.6128e+06	2.1400e+03	1.4300e+02
2.5229e+06	2.1300e+03	1.4700e+02
2.5200e+06	2.1300e+03	1.4700e+02
2.4878e+06	2.1300e+03	1.4700e+02
2.4700e+06	2.1300e+03	1.4700e+02
2.2817e+06	2.1200e+03	1.4700e+02
2.1909e+06	2.1200e+03	1.4700e+02
2.1469e+06	2.1200e+03	1.4200e+02
2.1443e+06	2.1200e+03	1.4100e+02
2.0754e+06	2.1100e+03	1.4100e+02
2.0100e+06	2.1100e+03	1.4000e+02
2.0040e+06	2.1100e+03	1.4000e+02
1.9762e+06	2.1100e+03	1.4000e+02
1.9600e+06	2.1100e+03	1.4000e+02
1.8121e+06	2.1100e+03	1.4000e+02
1.7403e+06	2.1000e+03	1.3900e+02
1.7054e+06	2.1000e+03	1.3600e+02
1.7033e+06	2.1000e+03	1.3300e+02
1.6485e+06	2.0900e+03	1.3300e+02
1.5918e+06	2.0900e+03	1.3300e+02
1.5900e+06	2.0800e+03	1.3300e+02
1.5700e+06	2.0800e+03	1.3300e+02
1.5600e+06	2.0800e+03	1.3300e+02
1.3824e+06	2.0700e+03	1.3200e+02
1.3544e+06	2.0700e+03	1.3200e+02
1.3530e+06	2.0700e+03	1.3200e+02
1.3095e+06	2.0700e+03	1.3200e+02
1.2700e+06	2.0700e+03	1.3200e+02
1.2645e+06	2.0600e+03	1.3200e+02
1.2466e+06	2.0600e+03	1.3200e+02
1.2400e+06	2.0600e+03	1.3200e+02
1.0981e+06	2.0600e+03	1.3200e+02
1.0760e+06	2.0600e+03	1.3200e+02
1.0747e+06	2.0600e+03	1.3200e+02
1.0401e+06	2.0600e+03	1.3200e+02
1.0100e+06	2.0600e+03	1.3200e+02
1.0045e+06	2.0600e+03	1.3100e+02
1.0000e+06	2.0600e+03	1.3100e+02
9.9000e+05	2.0500e+03	1.3100e+02
9.8200e+05	2.0500e+03	1.3100e+02
8.7200e+05	2.0500e+03	1.3100e+02
8.5500e+05	2.0500e+03	1.2800e+02
8.5400e+05	2.0500e+03	1.2800e+02
8.2600e+05	2.0500e+03	1.2800e+02
7.9800e+05	2.0400e+03	1.2800e+02
7.8700e+05	2.0400e+03	1.2800e+02
7.8000e+05	2.0400e+03	1.3200e+02
6.9300e+05	2.0300e+03	1.3200e+02
6.7900e+05	2.0300e+03	1.3200e+02
6.7800e+05	2.0300e+03	1.2800e+02
6.5600e+05	2.0200e+03	1.2800e+02
6.3400e+05	2.0200e+03	1.2800e+02
6.2000e+05	2.0100e+03	1.2800e+02
5.5000e+05	2.0100e+03	1.2700e+02
5.3900e+05	2.0100e+03	1.2700e+02
5.2100e+05	2.0100e+03	1.2800e+02
5.0400e+05	2.0100e+03	1.2800e+02
5.0300e+05	2.0000e+03	1.2300e+02
4.9200e+05	2.0000e+03	1.2300e+02
4.3700e+05	2.0000e+03	1.1900e+02
4.2800e+05	1.9900e+03	1.2300e+02
4.1400e+05	1.9900e+03	1.2300e+02
4.0000e+05	1.9800e+03	1.2300e+02
3.9100e+05	1.9800e+03	1.2300e+02
3.4700e+05	1.9800e+03	1.1900e+02
3.4000e+05	1.9600e+03	1.1600e+02
3.2900e+05	1.9600e+03	1.1300e+02
3.1800e+05	1.9600e+03	1.1300e+02
3.1100e+05	1.9600e+03	1.1600e+02
2.7600e+05	1.9500e+03	1.1900e+02
2.7000e+05	1.9500e+03	1.1900e+02
2.6100e+05	1.9500e+03	1.1300e+02
2.5200e+05	1.9400e+03	1.1300e+02
2.4700e+05	1.9400e+03	1.1400e+02
2.1900e+05	1.9400e+03	1.1400e+02
2.1400e+05	1.9400e+03	1.1400e+02
2.0800e+05	1.9300e+03	1.1400e+02
2.0100e+05	1.9300e+03	1.1300e+02
2.0000e+05	1.9300e+03	1.1300e+02
1.9600e+05	1.9300e+03	1.1300e+02
1.7400e+05	1.9300e+03	1.1300e+02
1.7000e+05	1.9300e+03	1.1300e+02
1.6500e+05	1.9300e+03	1.1300e+02
1.5900e+05	1.9200e+03	1.1400e+02
1.5600e+05	1.9200e+03	1.1400e+02
1.5100e+05	1.9100e+03	1.1300e+02
1.3800e+05	1.9100e+03	1.1300e+02
1.3500e+05	1.9000e+03	1.1300e+02
1.3100e+05	1.9000e+03	1.1300e+02
1.2700e+05	1.9000e+03	1.1300e+02
1.2400e+05	1.8900e+03	1.1300e+02
1.2000e+05	1.8900e+03	1.1300e+02
1.1000e+05	1.8900e+03	1.1100e+02
1.0700e+05	1.8800e+03	1.1100e+02
1.0400e+05	1.8800e+03	1.1100e+02
1.0100e+05	1.8800e+03	1.1200e+02
1.0000e+05	1.8800e+03	1.1200e+02
9.8200e+04	1.8800e+03	1.1200e+02
9.5100e+04	1.8700e+03	1.1200e+02
8.7200e+04	1.8700e+03	1.1100e+02
8.5400e+04	1.8700e+03	1.1100e+02
8.2600e+04	1.8600e+03	1.0900e+02
7.9800e+04	1.8600e+03	1.0900e+02
7.8000e+04	1.8600e+03	1.0900e+02
7.5500e+04	1.8600e+03	1.0900e+02
6.9300e+04	1.8600e+03	1.0900e+02
6.7800e+04	1.8500e+03	1.0900e+02
6.5600e+04	1.8500e+03	1.0800e+02
6.3400e+04	1.8500e+03	1.0800e+02
6.2000e+04	1.8400e+03	1.0700e+02
6.0000e+04	1.8400e+03	1.0600e+02
5.5000e+04	1.8400e+03	1.0600e+02
5.3900e+04	1.8400e+03	1.0600e+02
5.0400e+04	1.8300e+03	1.0600e+02
4.9200e+04	1.8300e+03	1.0600e+02
4.7700e+04	1.8200e+03	1.0600e+02
4.3700e+04	1.8200e+03	1.0600e+02
4.2800e+04	1.8100e+03	1.0400e+02
4.0000e+04	1.8100e+03	1.0400e+02
3.9100e+04	1.8100e+03	1.0400e+02
3.7900e+04	1.8000e+03	1.0400e+02
3.4700e+04	1.8000e+03	1.0600e+02
3.4000e+04	1.8000e+03	1.0600e+02
3.1800e+04	1.8000e+03	1.0600e+02
3.1100e+04	1.8000e+03	1.0700e+02
3.0100e+04	1.7900e+03	1.0700e+02
2.7600e+04	1.7900e+03	1.0700e+02
2.7000e+04	1.7900e+03	1.0800e+02
2.5200e+04	1.7900e+03	1.0900e+02
2.4700e+04	1.7800e+03	1.0900e+02
2.3900e+04	1.7800e+03	1.0900e+02
2.1900e+04	1.7800e+03	1.1000e+02
2.0100e+04	1.7700e+03	1.1200e+02
2.0000e+04	1.7700e+03	1.1200e+02
1.9600e+04	1.7700e+03	1.1200e+02
1.9000e+04	1.7700e+03	1.1200e+02
1.7400e+04	1.7700e+03	1.1200e+02
1.6900e+04	1.7600e+03	1.1200e+02
1.5900e+04	1.7600e+03	1.1400e+02
1.5600e+04	1.7600e+03	1.1400e+02
1.5100e+04	1.7600e+03	1.1400e+02
1.3800e+04	1.7500e+03	1.1400e+02
1.3400e+04	1.7400e+03	1.1400e+02
1.2700e+04	1.7400e+03	1.1400e+02
1.2400e+04	1.7300e+03	1.1400e+02
1.2000e+04	1.7200e+03	1.1600e+02
1.1000e+04	1.7100e+03	1.1600e+02
1.0600e+04	1.7100e+03	1.1600e+02
1.0100e+04	1.7100e+03	1.1600e+02
1.0000e+04	1.7100e+03	1.1600e+02
9.8200e+03	1.7100e+03	1.1600e+02
9.5100e+03	1.7100e+03	1.1500e+02
8.4600e+03	1.7100e+03	1.1400e+02
7.9800e+03	1.7100e+03	1.1400e+02
7.8000e+03	1.7000e+03	1.1400e+02
7.5500e+03	1.6900e+03	1.1400e+02
6.7200e+03	1.6900e+03	1.1400e+02
6.3400e+03	1.6900e+03	1.1400e+02
6.1900e+03	1.6800e+03	1.1400e+02
6.0000e+03	1.6700e+03	1.1200e+02
5.3400e+03	1.6700e+03	1.0900e+02
5.0400e+03	1.6600e+03	1.0800e+02
4.9200e+03	1.6600e+03	1.0800e+02
4.7700e+03	1.6600e+03	1.0700e+02
4.2400e+03	1.6600e+03	1.0700e+02
4.0000e+03	1.6600e+03	1.0700e+02
3.9100e+03	1.6600e+03	1.0700e+02
3.7900e+03	1.6400e+03	1.0700e+02
3.3700e+03	1.6400e+03	1.0700e+02
3.1800e+03	1.6200e+03	1.0700e+02
3.0100e+03	1.6200e+03	1.0700e+02
2.6700e+03	1.6200e+03	1.0800e+02
2.5200e+03	1.6200e+03	1.0800e+02
2.3900e+03	1.6200e+03	1.0900e+02
2.1200e+03	1.6200e+03	1.0900e+02
2.0100e+03	1.6200e+03	1.0900e+02
2.0000e+03	1.6100e+03	1.0900e+02
1.9000e+03	1.6100e+03	1.0900e+02
1.6900e+03	1.6100e+03	1.0900e+02
1.5900e+03	1.6100e+03	1.0900e+02
1.5100e+03	1.6100e+03	1.1900e+02
1.4200e+03	1.6100e+03	1.1900e+02
1.3400e+03	1.6000e+03	1.1900e+02
1.2700e+03	1.5900e+03	1.1900e+02
1.2600e+03	1.5900e+03	1.1900e+02
1.2000e+03	1.5800e+03	1.1900e+02
1.1300e+03	1.5700e+03	1.1900e+02
1.0600e+03	1.5700e+03	1.1900e+02
1.0100e+03	1.5700e+03	1.1900e+02
9.5100e+02	1.5600e+03	1.1900e+02
8.9800e+02	1.5600e+03	1.2000e+02
8.4600e+02	1.5600e+03	1.2100e+02
7.9900e+02	1.5500e+03	1.2200e+02
7.9800e+02	1.5500e+03	1.2200e+02
7.5500e+02	1.5500e+03	1.2300e+02
7.1400e+02	1.5500e+03	1.2300e+02
6.7200e+02	1.5400e+03	1.2300e+02
6.3400e+02	1.5300e+03	1.2300e+02
6.0000e+02	1.5300e+03	1.2300e+02
5.6700e+02	1.5200e+03	1.2300e+02
5.3400e+02	1.5200e+03	1.2300e+02
5.0400e+02	1.5100e+03	1.2300e+02
4.7700e+02	1.5100e+03	1.2300e+02
4.5000e+02	1.5100e+03	1.2300e+02
4.2400e+02	1.5000e+03	1.2300e+02
4.0000e+02	1.5000e+03	1.2300e+02
3.7900e+02	1.4800e+03	1.2300e+02
3.5800e+02	1.4800e+03	1.2300e+02
3.3700e+02	1.4700e+03	1.2300e+02
3.1800e+02	1.4700e+03	1.2400e+02
3.0100e+02	1.4600e+03	1.2500e+02
2.8400e+02	1.4600e+03	1.2500e+02
2.6700e+02	1.4600e+03	1.2500e+02
2.5300e+02	1.4500e+03	1.2800e+02
2.3900e+02	1.4500e+03	1.2800e+02
2.2600e+02	1.4500e+03	1.2800e+02
2.1200e+02	1.4400e+03	1.3000e+02
2.0100e+02	1.4400e+03	1.3000e+02
1.9000e+02	1.4300e+03	1.3100e+02
1.7900e+02	1.4200e+03	1.3200e+02
1.6900e+02	1.4100e+03	1.3200e+02
1.5900e+02	1.4100e+03	1.3300e+02
1.5100e+02	1.4000e+03	1.3300e+02
1.4200e+02	1.3900e+03	1.3400e+02
1.3400e+02	1.3900e+03	1.3400e+02
1.2700e+02	1.3900e+03	1.3500e+02
1.2000e+02	1.3900e+03	1.3900e+02
1.1300e+02	1.3900e+03	1.3900e+02
1.0600e+02	1.3800e+03	1.3900e+02
1.0100e+02	1.3800e+03	1.4100e+02
9.5100e+01	1.3700e+03	1.4300e+02
8.9800e+01	1.3700e+03	1.4300e+02
8.4600e+01	1.3700e+03	1.4500e+02
8.3800e+01	1.3700e+03	1.4700e+02
7.5500e+01	1.3600e+03	1.4800e+02
7.1400e+01	1.3600e+03	1.4900e+02
6.7200e+01	1.3600e+03	1.5100e+02
6.6600e+01	1.3500e+03	1.5200e+02
6.0000e+01	1.3500e+03	1.5200e+02
5.6700e+01	1.3400e+03	1.5300e+02
5.3400e+01	1.3400e+03	1.5300e+02
5.2900e+01	1.3300e+03	1.5300e+02
4.7700e+01	1.3200e+03	1.5400e+02
4.5000e+01	1.3000e+03	1.5400e+02
4.2400e+01	1.3000e+03	1.5400e+02
4.2000e+01	1.3000e+03	1.5400e+02
3.7900e+01	1.2900e+03	1.5400e+02
3.5800e+01	1.2800e+03	1.5500e+02
3.3700e+01	1.2800e+03	1.5500e+02
3.3400e+01	1.2800e+03	1.5500e+02
3.0100e+01	1.2700e+03	1.5700e+02
2.8400e+01	1.2600e+03	1.5700e+02
2.6700e+01	1.2500e+03	1.5700e+02
2.6500e+01	1.2500e+03	1.5700e+02
2.3900e+01	1.2400e+03	1.5800e+02
2.2600e+01	1.2300e+03	1.5800e+02
2.1200e+01	1.2200e+03	1.5900e+02
2.1000e+01	1.2200e+03	1.5900e+02
1.9000e+01	1.2100e+03	1.5900e+02
1.7900e+01	1.1900e+03	1.5900e+02
1.6900e+01	1.1900e+03	1.6100e+02
1.6700e+01	1.1800e+03	1.6100e+02
1.4200e+01	1.1700e+03	1.6200e+02
1.3400e+01	1.1600e+03	1.6500e+02
1.3300e+01	1.1500e+03	1.6500e+02
1.1300e+01	1.1500e+03	1.6600e+02
1.0700e+01	1.1400e+03	1.6600e+02
1.0500e+01	1.1300e+03	1.6700e+02
8.9800e+00	1.1200e+03	1.7100e+02
8.4600e+00	1.1100e+03	1.7100e+02
8.3800e+00	1.1000e+03	1.7300e+02
7.1400e+00	1.0900e+03	1.7500e+02
6.7200e+00	1.0800e+03	1.7500e+02
6.6600e+00	1.0700e+03	1.7700e+02
5.6700e+00	1.0700e+03	1.7700e+02
5.3400e+00	1.0600e+03	1.8000e+02
5.2900e+00	1.0400e+03	1.8000e+02
4.5000e+00	1.0400e+03	1.8000e+02
4.2400e+00	1.0300e+03	1.8100e+02
4.2000e+00	1.0200e+03	1.8100e+02
3.5800e+00	1.0100e+03	1.8500e+02
3.3700e+00	1.0000e+03	1.8600e+02
3.3400e+00	9.8600e+02	1.8700e+02
2.8400e+00	9.8500e+02	1.9100e+02
2.6800e+00	9.7300e+02	1.9100e+02
2.6500e+00	9.4600e+02	1.9100e+02
2.2600e+00	9.4000e+02	1.9200e+02
2.1200e+00	9.2700e+02	1.9200e+02
2.1000e+00	8.9700e+02	1.9300e+02
1.9100e+00	8.9300e+02	1.9300e+02
1.7900e+00	8.9000e+02	1.9300e+02
1.6700e+00	8.6800e+02	1.9300e+02
1.5100e+00	8.6400e+02	1.9400e+02
1.4200e+00	8.6000e+02	1.9500e+02
1.3300e+00	8.3800e+02	1.9500e+02
1.2000e+00	8.3200e+02	1.9500e+02
1.1300e+00	8.2800e+02	1.9500e+02
1.0500e+00	8.0400e+02	1.9600e+02
9.5600e-01	7.9700e+02	1.9700e+02
8.9800e-01	7.9000e+02	1.9800e+02
8.3800e-01	7.6500e+02	1.9800e+02
7.5900e-01	7.6200e+02	1.9900e+02
7.1400e-01	7.5600e+02	1.9800e+02
6.6600e-01	7.2800e+02	1.9900e+02
6.0300e-01	7.2300e+02	1.9900e+02
5.6700e-01	7.2000e+02	1.9900e+02
5.2900e-01	6.8800e+02	1.9900e+02
4.7900e-01	6.8400e+02	1.9900e+02
4.5000e-01	6.8300e+02	1.9900e+02
4.2000e-01	6.5200e+02	1.9900e+02
3.8000e-01	6.5200e+02	1.9900e+02
3.5800e-01	6.2500e+02	1.9900e+02
3.3400e-01	6.0900e+02	1.9900e+02
3.0200e-01	6.0200e+02	1.9900e+02
2.8400e-01	5.8800e+02	1.9800e+02
2.7300e-01	5.7900e+02	1.9800e+02
2.6500e-01	5.7300e+02	1.9800e+02
2.4000e-01	5.6100e+02	1.9700e+02
2.2600e-01	5.6000e+02	1.9500e+02
2.1700e-01	5.4900e+02	1.9400e+02
2.1000e-01	5.3800e+02	1.9400e+02
1.9100e-01	5.2900e+02	1.9300e+02
1.7900e-01	5.1700e+02	1.9300e+02
1.7200e-01	4.9700e+02	1.9100e+02
1.6700e-01	4.9300e+02	1.9000e+02
1.5100e-01	4.7100e+02	1.8900e+02
1.3700e-01	4.6700e+02	1.8800e+02
1.3300e-01	4.5800e+02	1.8800e+02
1.2000e-01	4.3600e+02	1.8600e+02
1.0900e-01	4.2800e+02	1.8400e+02
1.0500e-01	4.2100e+02	1.8300e+02
9.5600e-02	3.9900e+02	1.8200e+02
8.6400e-02	3.9000e+02	1.8200e+02
8.3800e-02	3.8200e+02	1.8200e+02
7.5900e-02	3.7200e+02	1.8000e+02
6.8700e-02	3.5800e+02	1.8000e+02
6.6600e-02	3.5400e+02	1.8000e+02
6.4800e-02	3.4500e+02	1.7900e+02
6.0300e-02	3.4200e+02	1.7700e+02
5.4500e-02	3.2800e+02	1.7700e+02
5.2900e-02	3.2000e+02	1.7500e+02
5.1400e-02	3.1700e+02	1.7500e+02
4.7900e-02	3.1100e+02	1.7400e+02
4.3300e-02	2.9800e+02	1.7400e+02
4.2000e-02	2.9200e+02	1.7100e+02
4.0900e-02	2.8900e+02	1.7000e+02
3.8000e-02	2.8400e+02	1.6800e+02
3.4400e-02	2.7300e+02	1.6600e+02
3.3400e-02	2.6700e+02	1.6500e+02
3.2500e-02	2.6100e+02	1.6400e+02
3.0200e-02	2.5700e+02	1.5900e+02
2.7300e-02	2.4600e+02	1.5800e+02
2.6500e-02	2.4000e+02	1.5700e+02
2.5800e-02	2.3400e+02	1.5700e+02
2.4000e-02	2.3000e+02	1.5700e+02
2.1700e-02	2.2000e+02	1.5600e+02
2.1100e-02	2.1500e+02	1.5300e+02
2.0500e-02	2.0700e+02	1.5100e+02
1.9100e-02	2.0100e+02	1.5000e+02
1.8500e-02	1.9600e+02	1.4900e+02
1.7200e-02	1.9400e+02	1.4800e+02
1.6700e-02	1.9000e+02	1.4700e+02
1.6300e-02	1.8400e+02	1.4500e+02
1.5100e-02	1.7800e+02	1.4300e+02
1.4700e-02	1.7400e+02	1.4200e+02
1.3700e-02	1.7100e+02	1.4000e+02
1.3300e-02	1.6600e+02	1.3900e+02
1.2900e-02	1.6000e+02	1.3500e+02
1.2000e-02	1.5700e+02	1.3300e+02
1.1700e-02	1.5300e+02	1.3300e+02
1.0900e-02	1.5200e+02	1.3200e+02
1.0500e-02	1.5000e+02	1.3100e+02
1.0300e-02	1.4800e+02	1.3000e+02
9.5600e-03	1.4700e+02	1.2900e+02
9.2800e-03	1.4500e+02	1.2700e+02
8.6400e-03	1.3700e+02	1.2400e+02
8.1500e-03	1.3300e+02	1.2400e+02
7.5900e-03	1.2800e+02	1.2000e+02
7.3700e-03	1.2400e+02	1.1800e+02
6.8700e-03	1.1400e+02	1.1600e+02
6.4800e-03	1.1100e+02	1.1400e+02
6.0300e-03	1.0800e+02	1.1200e+02
5.8500e-03	1.0400e+02	1.1100e+02
5.7200e-03	1.0000e+02	1.0800e+02
5.4500e-03	9.8700e+01	1.0600e+02
5.1400e-03	9.5800e+01	1.0400e+02
4.7900e-03	9.2900e+01	1.0200e+02
4.6500e-03	8.9900e+01	1.0000e+02
4.5400e-03	8.5900e+01	9.7400e+01
4.3300e-03	8.3600e+01	9.6100e+01
4.0900e-03	8.0900e+01	9.4200e+01
3.8000e-03	7.8200e+01	9.2200e+01
3.6900e-03	7.5100e+01	9.0300e+01
3.6100e-03	7.2700e+01	8.8400e+01
3.4400e-03	7.1600e+01	8.6700e+01
3.2500e-03	6.9000e+01	8.5000e+01
3.0200e-03	6.6200e+01	8.3100e+01
2.9300e-03	6.3900e+01	8.1100e+01
2.8700e-03	6.1800e+01	7.9100e+01
2.7300e-03	5.9500e+01	7.7000e+01
2.5800e-03	5.7600e+01	7.5400e+01
2.4000e-03	5.5900e+01	7.3600e+01
2.3300e-03	5.3600e+01	7.1900e+01
2.2800e-03	5.1600e+01	7.0000e+01
2.1700e-03	4.9600e+01	6.8000e+01
2.0500e-03	4.5300e+01	6.5900e+01
1.9100e-03	4.3900e+01	6.4300e+01
1.8500e-03	4.3300e+01	6.4300e+01
1.8100e-03	4.1900e+01	6.1900e+01
1.8000e-03	4.0800e+01	6.0300e+01
1.7200e-03	4.0400e+01	5.8700e+01
1.6300e-03	3.8800e+01	5.6800e+01
1.5100e-03	3.7600e+01	5.5400e+01
1.4700e-03	3.6900e+01	5.5200e+01
1.4400e-03	3.5300e+01	5.3100e+01
1.4300e-03	3.4700e+01	5.2000e+01
1.3700e-03	3.3600e+01	5.0300e+01
1.2900e-03	3.2200e+01	4.9100e+01
1.2000e-03	3.1300e+01	4.8200e+01
1.1700e-03	3.1100e+01	4.8100e+01
1.1400e-03	2.9300e+01	4.6400e+01
1.1300e-03	2.8900e+01	4.6000e+01
1.0900e-03	2.8000e+01	4.4100e+01
1.0300e-03	2.7800e+01	4.2800e+01
9.5600e-04	2.7000e+01	4.2100e+01
9.2800e-04	2.7000e+01	4.2000e+01
9.0600e-04	2.5000e+01	4.0000e+01
9.0100e-04	2.2900e+01	3.7600e+01
8.6400e-04	2.2000e+01	3.6400e+01
8.1500e-04	2.1600e+01	3.5700e+01
7.5900e-04	2.1000e+01	3.4800e+01
7.4900e-04	2.0800e+01	3.4600e+01
7.3700e-04	2.0600e+01	3.4200e+01
7.2000e-04	2.0500e+01	3.4100e+01
7.1500e-04	1.9100e+01	3.2000e+01
6.8700e-04	1.8800e+01	3.1000e+01
6.4800e-04	1.8300e+01	3.0400e+01
6.0300e-04	1.8100e+01	2.9400e+01
5.9500e-04	1.7700e+01	2.9400e+01
5.8500e-04	1.7700e+01	2.9200e+01
5.7200e-04	1.7500e+01	2.8900e+01
5.6800e-04	1.6500e+01	2.8200e+01
5.4500e-04	1.6200e+01	2.7100e+01
5.1400e-04	1.5800e+01	2.5700e+01
4.7900e-04	1.5500e+01	2.5300e+01
4.7300e-04	1.5400e+01	2.5100e+01
4.6500e-04	1.5300e+01	2.4800e+01
4.5400e-04	1.4900e+01	2.4200e+01
4.5100e-04	1.4600e+01	2.3400e+01
4.3300e-04	1.4200e+01	2.2900e+01
4.0900e-04	1.4000e+01	2.1900e+01
3.8000e-04	1.3800e+01	2.1400e+01
3.7500e-04	1.3800e+01	2.1400e+01
3.6900e-04	1.3700e+01	2.1200e+01
3.6100e-04	1.2600e+01	2.0400e+01
3.5900e-04	1.2300e+01	1.9500e+01
3.4400e-04	1.2300e+01	1.9000e+01
3.2500e-04	1.1900e+01	1.8000e+01
3.0200e-04	1.1800e+01	1.7800e+01
2.9800e-04	1.1700e+01	1.7700e+01
2.9300e-04	1.0700e+01	1.7600e+01
2.8700e-04	1.0300e+01	1.7400e+01
2.8500e-04	1.0200e+01	1.6900e+01
2.7300e-04	1.0000e+01	1.6300e+01
2.7000e-04	9.9700e+00	1.5700e+01
2.5800e-04	9.9500e+00	1.5500e+01
2.4000e-04	9.7700e+00	1.5400e+01
2.3700e-04	9.5200e+00	1.5200e+01
2.3300e-04	9.5200e+00	1.4400e+01
2.2800e-04	9.4200e+00	1.4200e+01
2.2600e-04	9.4100e+00	1.3000e+01
2.1700e-04	9.2900e+00	1.2700e+01
2.1500e-04	8.9800e+00	1.2600e+01
2.0500e-04	8.9400e+00	1.2600e+01
1.8800e-04	8.9100e+00	1.2500e+01
1.8500e-04	8.6000e+00	1.2100e+01
1.8100e-04	8.5500e+00	1.2000e+01
1.8000e-04	8.5100e+00	1.1800e+01
1.7200e-04	8.3200e+00	1.1500e+01
1.7100e-04	8.3200e+00	1.1300e+01
1.6300e-04	8.3000e+00	1.1200e+01
1.4900e-04	8.1500e+00	1.0700e+01
1.4700e-04	8.1100e+00	1.0600e+01
1.4400e-04	8.0500e+00	1.0500e+01
1.4300e-04	8.0300e+00	9.9900e+00
1.3700e-04	8.0300e+00	9.4600e+00
1.3500e-04	7.8000e+00	9.2900e+00
1.2900e-04	7.6900e+00	9.1400e+00
1.1900e-04	7.4800e+00	8.6600e+00
1.1700e-04	7.3200e+00	8.5900e+00
1.1400e-04	7.2700e+00	8.5400e+00
1.1300e-04	7.1700e+00	8.3500e+00
1.0900e-04	7.1000e+00	8.2800e+00
1.0800e-04	7.0000e+00	8.2000e+00
1.0300e-04	6.7500e+00	7.6100e+00
9.4300e-05	6.5700e+00	7.1800e+00
9.2800e-05	6.4400e+00	7.0700e+00
9.0600e-05	6.3800e+00	7.0500e+00
9.0100e-05	5.4900e+00	7.0300e+00
8.6400e-05	5.4600e+00	6.9900e+00
8.5500e-05	5.3500e+00	6.9800e+00
8.1500e-05	5.3000e+00	6.9100e+00
7.7400e-05	5.1900e+00	5.9300e+00
7.4900e-05	5.1300e+00	5.5200e+00
7.3700e-05	5.1000e+00	5.4900e+00
7.2000e-05	5.1000e+00	5.3700e+00
7.1500e-05	5.0500e+00	5.3600e+00
6.8700e-05	5.0500e+00	5.3400e+00
6.7900e-05	5.0300e+00	5.3400e+00
6.4800e-05	5.0300e+00	5.3300e+00
6.1500e-05	5.0200e+00	5.3200e+00
5.9500e-05	5.0200e+00	5.3100e+00
5.8500e-05	4.9800e+00	5.2200e+00
5.7200e-05	4.9500e+00	5.1300e+00
5.6800e-05	4.9500e+00	4.9200e+00
5.4500e-05	4.9500e+00	4.8300e+00
5.3900e-05	4.9500e+00	4.7700e+00
5.1400e-05	4.9500e+00	4.7600e+00
4.8900e-05	4.9500e+00	4.7600e+00
4.7300e-05	4.9300e+00	4.7300e+00
4.6500e-05	4.9300e+00	4.6500e+00
4.5400e-05	4.9300e+00	4.6000e+00
4.5100e-05	4.9300e+00	4.5600e+00
4.3300e-05	4.9300e+00	4.5100e+00
4.2800e-05	4.9200e+00	4.4400e+00
4.0900e-05	4.8700e+00	4.3300e+00
3.8800e-05	4.8600e+00	4.3300e+00
3.7500e-05	4.8400e+00	4.2900e+00
3.6900e-05	4.7800e+00	3.9500e+00
3.6100e-05	4.7700e+00	3.8600e+00
3.5900e-05	4.7700e+00	3.8500e+00
3.4400e-05	4.7700e+00	3.6000e+00
3.4000e-05	4.7500e+00	3.5300e+00
3.2500e-05	4.7400e+00	3.4700e+00
3.0800e-05	4.6900e+00	3.3800e+00
2.9800e-05	4.6500e+00	3.1600e+00
2.9300e-05	4.6100e+00	3.1500e+00
2.8700e-05	4.5800e+00	3.1200e+00
2.8500e-05	4.5100e+00	3.1100e+00
2.7000e-05	4.5000e+00	3.0000e+00
2.5800e-05	4.4800e+00	2.9200e+00
2.4500e-05	4.4800e+00	2.9000e+00
2.3700e-05	4.4600e+00	2.7600e+00
2.3300e-05	4.4600e+00	2.6700e+00
2.2800e-05	4.4200e+00	2.4500e+00
2.2600e-05	4.4200e+00	2.3500e+00
2.1500e-05	4.4200e+00	2.3400e+00
2.0500e-05	4.4200e+00	2.3200e+00
1.9500e-05	4.3500e+00	2.2900e+00
1.8800e-05	4.2900e+00	2.2800e+00
1.8500e-05	4.2800e+00	2.2500e+00
1.8100e-05	4.1800e+00	2.2400e+00
1.8000e-05	4.1800e+00	2.2400e+00
1.7100e-05	4.1700e+00	2.1500e+00
1.6300e-05	4.1400e+00	2.1400e+00
1.5500e-05	4.0900e+00	2.1100e+00
1.4900e-05	4.0800e+00	2.0600e+00
1.4700e-05	4.0600e+00	2.0100e+00
1.4400e-05	3.8400e+00	2.0000e+00
1.4300e-05	3.7900e+00	2.0000e+00
1.4200e-05	3.7800e+00	1.9900e+00
1.3500e-05	3.7300e+00	1.9700e+00
1.2900e-05	3.6800e+00	1.9700e+00
1.2300e-05	3.6400e+00	1.9400e+00
1.1900e-05	3.6400e+00	1.8100e+00
1.1700e-05	3.6400e+00	1.8100e+00
1.1400e-05	3.6400e+00	1.7700e+00
1.1300e-05	3.6400e+00	1.7000e+00
1.0800e-05	3.6400e+00	1.7000e+00
1.0300e-05	3.6400e+00	1.7000e+00
9.7500e-06	3.6400e+00	1.6800e+00
9.4300e-06	3.6400e+00	1.6700e+00
9.2800e-06	3.6500e+00	1.6400e+00
9.0600e-06	3.6800e+00	1.6300e+00
9.0100e-06	3.7300e+00	1.5700e+00
8.9800e-06	3.7300e+00	1.5700e+00
8.5500e-06	3.7300e+00	1.5500e+00
8.1500e-06	3.7300e+00	1.5300e+00
7.7400e-06	3.7000e+00	1.5100e+00
7.4900e-06	3.7000e+00	1.5100e+00
7.3700e-06	3.7300e+00	1.5100e+00
7.2000e-06	3.7300e+00	1.5100e+00
7.1500e-06	3.7300e+00	1.4500e+00
7.1400e-06	3.7300e+00	1.4000e+00
6.7900e-06	3.7000e+00	1.3800e+00
6.1500e-06	3.7000e+00	1.3600e+00
5.9500e-06	3.6500e+00	1.3000e+00
5.8600e-06	3.7000e+00	1.3000e+00
5.7200e-06	3.7300e+00	1.1900e+00
5.6800e-06	3.7300e+00	1.1900e+00
5.6700e-06	3.7300e+00	1.0700e+00
5.3900e-06	3.7300e+00	1.0000e+00
4.8900e-06	3.7300e+00	9.8400e-01
4.7300e-06	3.7300e+00	9.7000e-01
4.6500e-06	3.7300e+00	9.4900e-01
4.5400e-06	3.7200e+00	9.4900e-01
4.5100e-06	3.7000e+00	9.4900e-01
4.5000e-06	3.6500e+00	9.4900e-01
4.2800e-06	3.6500e+00	9.4900e-01
3.8800e-06	3.5900e+00	9.4300e-01
3.7500e-06	3.5900e+00	9.4000e-01
3.6900e-06	3.5900e+00	9.2000e-01
3.6100e-06	3.5800e+00	9.1000e-01
3.5900e-06	3.5600e+00	9.0100e-01
3.5800e-06	3.5500e+00	8.9900e-01
3.4000e-06	3.5400e+00	8.8900e-01
3.0800e-06	3.5400e+00	8.7200e-01
2.9800e-06	3.5300e+00	8.7200e-01
2.9300e-06	3.5300e+00	8.7200e-01
2.8700e-06	3.5100e+00	8.3100e-01
2.8500e-06	3.5000e+00	8.0300e-01
2.8400e-06	3.4700e+00	7.9400e-01
2.7000e-06	3.3300e+00	7.7400e-01
2.4500e-06	3.3000e+00	7.7200e-01
2.3700e-06	3.3000e+00	7.5900e-01
2.3300e-06	3.2800e+00	7.5900e-01
2.2800e-06	3.2500e+00	7.5000e-01
2.2600e-06	3.2200e+00	6.7400e-01
2.1500e-06	3.2100e+00	6.5900e-01
1.9500e-06	3.2000e+00	6.4700e-01
1.8800e-06	3.2000e+00	6.3600e-01
1.8100e-06	3.1900e+00	6.1200e-01
1.8000e-06	3.1700e+00	6.1200e-01
1.7900e-06	3.1600e+00	6.1100e-01
1.7100e-06	3.1500e+00	6.0800e-01
1.5500e-06	3.1400e+00	5.9100e-01
1.4900e-06	3.1200e+00	5.8700e-01
1.4400e-06	3.1200e+00	5.7300e-01
1.4300e-06	3.1200e+00	5.6900e-01
1.4200e-06	3.1200e+00	5.6700e-01
1.3500e-06	3.1200e+00	5.6400e-01
1.2300e-06	3.1200e+00	5.6200e-01
1.1900e-06	3.1000e+00	5.6200e-01
1.1400e-06	3.0900e+00	5.6200e-01
1.1300e-06	3.0400e+00	5.6200e-01
1.0800e-06	3.0200e+00	5.6200e-01
9.7500e-07	2.9800e+00	5.5400e-01
9.4300e-07	2.9600e+00	5.4600e-01
9.0600e-07	2.9500e+00	5.3800e-01
9.0100e-07	2.9500e+00	4.9400e-01
8.9800e-07	2.9500e+00	4.9400e-01
8.5500e-07	2.9500e+00	4.9400e-01
7.7400e-07	2.9500e+00	4.7200e-01
7.4900e-07	2.9500e+00	4.5100e-01
7.2000e-07	2.9500e+00	4.4600e-01
7.1500e-07	2.9300e+00	4.4500e-01
7.1400e-07	2.9300e+00	4.3600e-01
6.7900e-07	2.9300e+00	4.3100e-01
6.1500e-07	2.9300e+00	4.3100e-01
5.9500e-07	2.9100e+00	4.2800e-01
5.6800e-07	2.9100e+00	4.1800e-01
5.6700e-07	2.9000e+00	4.1500e-01
5.3900e-07	2.8800e+00	4.1400e-01
4.8900e-07	2.8700e+00	4.0600e-01
4.7300e-07	2.8400e+00	4.0200e-01
4.5200e-07	2.8400e+00	4.0200e-01
4.5000e-07	2.7900e+00	4.0500e-01
4.2800e-07	2.6900e+00	4.0500e-01
3.8800e-07	2.6900e+00	4.0200e-01
3.7500e-07	2.6800e+00	3.8600e-01
3.5900e-07	2.6600e+00	3.8400e-01
3.5800e-07	2.6500e+00	3.6900e-01
3.4000e-07	2.6500e+00	3.6600e-01
3.0800e-07	2.6500e+00	3.6500e-01
2.9800e-07	2.6500e+00	3.5800e-01
2.8500e-07	2.6500e+00	3.5500e-01
2.8400e-07	2.6500e+00	3.5400e-01
2.7000e-07	2.6500e+00	3.5400e-01
2.4500e-07	2.6400e+00	3.5200e-01
2.3700e-07	2.6300e+00	3.5200e-01
2.2600e-07	2.6200e+00	3.5200e-01
2.1500e-07	2.6000e+00	3.5200e-01
1.9500e-07	2.6000e+00	3.5200e-01
1.8800e-07	2.5800e+00	3.5200e-01
1.7900e-07	2.5400e+00	3.5200e-01
1.7100e-07	2.5300e+00	3.5200e-01
1.5500e-07	2.5200e+00	3.5200e-01
1.4900e-07	2.5200e+00	3.5200e-01
1.4200e-07	2.5100e+00	3.4900e-01
1.3500e-07	2.5100e+00	3.4500e-01
1.2300e-07	2.5100e+00	3.3800e-01
1.1900e-07	2.5100e+00	3.3100e-01
1.1300e-07	2.5000e+00	3.3800e-01
1.0800e-07	2.4900e+00	3.4500e-01
9.7500e-08	2.4900e+00	3.4900e-01
9.4300e-08	2.4600e+00	3.4900e-01
8.9800e-08	2.4600e+00	3.4900e-01
8.5500e-08	2.4600e+00	3.4900e-01
7.7400e-08	2.4400e+00	3.4900e-01
7.1400e-08	2.4300e+00	3.4900e-01
6.7900e-08	2.4300e+00	3.5700e-01
6.1500e-08	2.4000e+00	3.5800e-01
5.6700e-08	2.3900e+00	3.6200e-01
5.3900e-08	2.3900e+00	3.6200e-01
4.8900e-08	2.3800e+00	3.6500e-01
4.5000e-08	2.3700e+00	3.7800e-01
4.2800e-08	2.3200e+00	3.8500e-01
3.8800e-08	2.3200e+00	3.8900e-01
3.5800e-08	2.3200e+00	3.8900e-01
3.4000e-08	2.3100e+00	3.8900e-01
3.0800e-08	2.2300e+00	3.8900e-01
2.8400e-08	2.2300e+00	3.8800e-01
2.4500e-08	2.2000e+00	3.8500e-01
2.2600e-08	2.1700e+00	3.6500e-01
1.9500e-08	2.1700e+00	3.6200e-01
1.7900e-08	2.1600e+00	3.6200e-01
1.5500e-08	2.1600e+00	3.5800e-01
1.4200e-08	2.1500e+00	3.5700e-01
1.2300e-08	2.1400e+00	3.5500e-01
1.1300e-08	2.1100e+00	3.5500e-01
9.7500e-09	2.0800e+00	3.5500e-01
8.9800e-09	2.0400e+00	3.5500e-01
7.1300e-09	1.9800e+00	3.5500e-01
5.6700e-09	1.9200e+00	3.4900e-01
4.5000e-09	1.8500e+00	3.0800e-01
